70650.070635.7570635.7470643.29
data
data
70654.77
70661.1
70666.01
70650.01
70650.0
70650.0
70650.0
70650.0
70650.0
70650.01
70650.0
70650.01
70650.0
70650.01
70644.81
70644.82
70644.82
70644.82
70644.82
70644.82
70644.82
70644.82
70644.82
70644.81
70690.0
70708.01
70670.0
70639.2
70641.02
70645.99
70645.99
70648.14
70648.14
70648.15
70654.71
70654.71
70654.71
70672.0
70672.0
70699.99
70699.99
70699.99
70709.99
70711.39
70725.99
70725.99
70718.0
70739.0
70734.81
70734.82
70750.0
70769.93
70769.93
70769.92
70764.01
70741.09